000    001  010   011  100   101  110   

0 	   1    2     3    4     5    6     

abcdf  bc  abdeg abcdg bcfg acdfg acdefg
                                 



			A 	B 	C 	D 	E 	F 	G

m0	000		1 	1 	1 	1 	1 	1 	0
m1	001		0 	1 	1 	0 	0 	0 	0
m2	010		1 	1 	0 	1 	1 	0 	1
m3	011		1 	1 	1 	1 	0 	0 	1
m4	100		0 	1 	1 	0 	0 	1 	1
m5	101		1 	0 	1 	1 	0 	1 	1
m6	110		0 	0 	1 	1 	1 	1 	1


			A 	B 	C 	D 	E 	F 	G

m0	000		1 	1 	1 	1 	1 	1 	0
m1	010		0 	1 	1 	0 	0 	0 	0
m2	100		1 	1 	0 	1 	1 	0 	1
m3	110		1 	1 	1 	1 	0 	0 	1
m4	001		0 	1 	1 	0 	0 	1 	1
m5	011		1 	0 	1 	1 	0 	1 	1
m6	101		0 	0 	1 	1 	1 	1 	1



C	A 	B
x2	x1	x0